258.632166343 196.946343973 246.674822753 -418.678527983 469.542677429 4228.78615614 
196.946343973 171.180406715 185.50682092 -200.850934663 353.184140102 3199.36595509 
246.674822753 185.50682092 253.812409208 -402.91595973 437.288647593 3916.68127177 
-418.678527983 -200.850934663 -402.91595973 12329.3697799 -923.594043189 -7442.25512949 
469.542677429 353.184140102 437.288647593 -923.594043189 881.378319257 7820.72520852 
4228.78615614 3199.36595509 3916.68127177 -7442.25512949 7820.72520852 71700.0818711 
